S520881

Get the observations or orbits.

Date       UT      R.A. (J2000) Decl.  Elong.  V        Motion      Uncertainty
            h m                                      "/min  "/min
2022 08 29 0500   21 25 11.6 -34 56 09 150.6  20.3    0.071  2.33   Map/Offsets
2022 08 29 0530   21 25 11.7 -34 54 59 150.6  20.3    0.072  2.32   Map/Offsets
2022 08 29 0600   21 25 11.9 -34 53 49 150.6  20.3    0.072  2.32   Map/Offsets
2022 08 29 0630   21 25 12.0 -34 52 40 150.6  20.3    0.072  2.32   Map/Offsets
2022 08 29 0700   21 25 12.1 -34 51 30 150.6  20.3    0.073  2.32   Map/Offsets
2022 08 29 0730   21 25 12.3 -34 50 20 150.6  20.3    0.073  2.32   Map/Offsets
2022 08 29 0800   21 25 12.4 -34 49 11 150.6  20.3    0.073  2.32   Map/Offsets
2022 08 29 0830   21 25 12.6 -34 48 01 150.6  20.3    0.073  2.32   Map/Offsets
2022 08 29 0900   21 25 12.7 -34 46 52 150.6  20.3    0.074  2.31   Map/Offsets
2022 08 29 0930   21 25 12.9 -34 45 42 150.6  20.3    0.074  2.31   Map/Offsets
2022 08 29 1000   21 25 13.0 -34 44 33 150.6  20.3    0.074  2.31   Map/Offsets
2022 08 29 1030   21 25 13.2 -34 43 24 150.6  20.3    0.075  2.31   Map/Offsets
2022 08 29 1100   21 25 13.3 -34 42 14 150.6  20.3    0.075  2.31   Map/Offsets
2022 08 29 1130   21 25 13.5 -34 41 05 150.6  20.3    0.075  2.31   Map/Offsets
2022 08 29 1200   21 25 13.6 -34 39 56 150.6  20.3    0.076  2.31   Map/Offsets
2022 08 29 1230   21 25 13.8 -34 38 47 150.6  20.3    0.076  2.31   Map/Offsets
2022 08 29 1300   21 25 13.9 -34 37 38 150.6  20.3    0.076  2.30   Map/Offsets
2022 08 29 1330   21 25 14.1 -34 36 29 150.6  20.3    0.077  2.30   Map/Offsets
2022 08 29 1400   21 25 14.2 -34 35 19 150.6  20.3    0.077  2.30   Map/Offsets
2022 08 29 1430   21 25 14.4 -34 34 10 150.6  20.3    0.077  2.30   Map/Offsets
2022 08 29 1500   21 25 14.5 -34 33 01 150.6  20.3    0.077  2.30   Map/Offsets
2022 08 29 1530   21 25 14.7 -34 31 53 150.6  20.3    0.078  2.30   Map/Offsets
2022 08 29 1600   21 25 14.9 -34 30 44 150.6  20.3    0.078  2.30   Map/Offsets
2022 08 29 1630   21 25 15.0 -34 29 35 150.6  20.3    0.078  2.29   Map/Offsets
2022 08 29 1700   21 25 15.2 -34 28 26 150.6  20.3    0.079  2.29   Map/Offsets
2022 08 29 1730   21 25 15.3 -34 27 17 150.6  20.3    0.079  2.29   Map/Offsets
2022 08 29 1800   21 25 15.5 -34 26 08 150.6  20.3    0.079  2.29   Map/Offsets
2022 08 29 1830   21 25 15.6 -34 25 00 150.6  20.3    0.080  2.29   Map/Offsets
2022 08 29 1900   21 25 15.8 -34 23 51 150.6  20.3    0.080  2.29   Map/Offsets
2022 08 29 1930   21 25 16.0 -34 22 42 150.6  20.3    0.080  2.29   Map/Offsets
2022 08 29 2000   21 25 16.1 -34 21 34 150.6  20.3    0.081  2.29   Map/Offsets
2022 08 29 2030   21 25 16.3 -34 20 25 150.6  20.3    0.081  2.28   Map/Offsets
2022 08 29 2100   21 25 16.4 -34 19 17 150.6  20.3    0.081  2.28   Map/Offsets
2022 08 29 2130   21 25 16.6 -34 18 08 150.6  20.3    0.082  2.28   Map/Offsets
2022 08 29 2200   21 25 16.8 -34 17 00 150.6  20.3    0.082  2.28   Map/Offsets
2022 08 29 2230   21 25 16.9 -34 15 52 150.6  20.3    0.082  2.28   Map/Offsets
2022 08 29 2300   21 25 17.1 -34 14 43 150.6  20.3    0.082  2.28   Map/Offsets
2022 08 29 2330   21 25 17.3 -34 13 35 150.6  20.3    0.083  2.28   Map/Offsets
2022 08 30 0000   21 25 17.4 -34 12 27 150.6  20.3    0.083  2.27   Map/Offsets
2022 08 30 0030   21 25 17.6 -34 11 19 150.6  20.3    0.083  2.27   Map/Offsets
2022 08 30 0100   21 25 17.8 -34 10 10 150.6  20.3    0.084  2.27   Map/Offsets
2022 08 30 0130   21 25 17.9 -34 09 02 150.6  20.3    0.084  2.27   Map/Offsets
2022 08 30 0200   21 25 18.1 -34 07 54 150.6  20.3    0.084  2.27   Map/Offsets
2022 08 30 0230   21 25 18.3 -34 06 46 150.6  20.3    0.085  2.27   Map/Offsets
2022 08 30 0300   21 25 18.4 -34 05 38 150.6  20.3    0.085  2.27   Map/Offsets
2022 08 30 0330   21 25 18.6 -34 04 30 150.6  20.3    0.085  2.27   Map/Offsets
2022 08 30 0400   21 25 18.8 -34 03 22 150.6  20.3    0.086  2.26   Map/Offsets
2022 08 30 0430   21 25 19.0 -34 02 14 150.6  20.3    0.086  2.26   Map/Offsets
2022 08 30 0500   21 25 19.1 -34 01 06 150.6  20.3    0.086  2.26   Map/Offsets
 
Sar2619

Get the observations or orbits.

Date       UT   *  R.A. (J2000) Decl.  Elong.  V        Motion      Uncertainty
            h m                                      "/min  "/min
2022 08 29 0500   23 36 01.4 +12 08 27 152.8  20.1  -10.50   3.32   Map/Offsets
2022 08 29 0530   23 35 40.4 +12 10 07 152.8  20.1  -10.50   3.31   Map/Offsets
2022 08 29 0600   23 35 19.4 +12 11 46 152.9  20.1  -10.51   3.31   Map/Offsets
2022 08 29 0630   23 34 58.4 +12 13 25 152.9  20.1  -10.51   3.31   Map/Offsets
2022 08 29 0700   23 34 37.3 +12 15 04 153.0  20.1  -10.52   3.30   Map/Offsets
2022 08 29 0730   23 34 16.3 +12 16 43 153.0  20.1  -10.52   3.30   Map/Offsets
2022 08 29 0800   23 33 55.3 +12 18 22 153.1  20.1  -10.52   3.29   Map/Offsets
2022 08 29 0830   23 33 34.2 +12 20 01 153.1  20.1  -10.53   3.29   Map/Offsets
2022 08 29 0900   23 33 13.2 +12 21 40 153.2  20.1  -10.53   3.29   Map/Offsets
2022 08 29 0930   23 32 52.1 +12 23 18 153.2  20.1  -10.53   3.28   Map/Offsets
2022 08 29 1000   23 32 31.0 +12 24 57 153.2  20.1  -10.54   3.28   Map/Offsets
2022 08 29 1030   23 32 10.0 +12 26 35 153.3  20.1  -10.54   3.27   Map/Offsets
2022 08 29 1100   23 31 48.9 +12 28 13 153.3  20.1  -10.54   3.27   Map/Offsets
2022 08 29 1130   23 31 27.8 +12 29 51 153.4  20.1  -10.55   3.27   Map/Offsets
2022 08 29 1200   23 31 06.7 +12 31 29 153.4  20.1  -10.55   3.26   Map/Offsets
2022 08 29 1230   23 30 45.6 +12 33 07 153.5  20.1  -10.55   3.26   Map/Offsets
2022 08 29 1300   23 30 24.5 +12 34 44 153.5  20.1  -10.55   3.25   Map/Offsets
2022 08 29 1330   23 30 03.4 +12 36 22 153.6  20.1  -10.56   3.25   Map/Offsets
2022 08 29 1400   23 29 42.3 +12 37 59 153.6  20.1  -10.56   3.24   Map/Offsets
2022 08 29 1430   23 29 21.1 +12 39 37 153.6  20.1  -10.56   3.24   Map/Offsets
2022 08 29 1500   23 29 00.0 +12 41 14 153.7  20.1  -10.57   3.24   Map/Offsets
2022 08 29 1530   23 28 38.9 +12 42 51 153.7  20.1  -10.57   3.23   Map/Offsets
2022 08 29 1600   23 28 17.7 +12 44 28 153.8  20.1  -10.57   3.23   Map/Offsets
2022 08 29 1630   23 27 56.6 +12 46 04 153.8  20.1  -10.57   3.22   Map/Offsets
2022 08 29 1700   23 27 35.4 +12 47 41 153.9  20.1  -10.58   3.22   Map/Offsets
2022 08 29 1730   23 27 14.3 +12 49 18 153.9  20.1  -10.58   3.21   Map/Offsets
2022 08 29 1800   23 26 53.1 +12 50 54 153.9  20.1  -10.58   3.21   Map/Offsets
2022 08 29 1830   23 26 32.0 +12 52 30 154.0  20.1  -10.58   3.21   Map/Offsets
2022 08 29 1900   23 26 10.8 +12 54 06 154.0  20.1  -10.59   3.20   Map/Offsets
2022 08 29 1930   23 25 49.6 +12 55 42 154.1  20.1  -10.59   3.20   Map/Offsets
2022 08 29 2000   23 25 28.4 +12 57 18 154.1  20.1  -10.59   3.19   Map/Offsets
2022 08 29 2030   23 25 07.3 +12 58 54 154.1  20.1  -10.59   3.19   Map/Offsets
2022 08 29 2100   23 24 46.1 +13 00 29 154.2  20.1  -10.59   3.18   Map/Offsets
2022 08 29 2130   23 24 24.9 +13 02 05 154.2  20.1  -10.60   3.18   Map/Offsets
2022 08 29 2200   23 24 03.7 +13 03 40 154.2  20.1  -10.60   3.17   Map/Offsets
2022 08 29 2230   23 23 42.5 +13 05 15 154.3  20.1  -10.60   3.17   Map/Offsets
2022 08 29 2300   23 23 21.3 +13 06 50 154.3  20.1  -10.60   3.16   Map/Offsets
2022 08 29 2330   23 23 00.1 +13 08 25 154.4  20.1  -10.60   3.16   Map/Offsets
2022 08 30 0000   23 22 38.9 +13 10 00 154.4  20.1  -10.60   3.15   Map/Offsets
2022 08 30 0030   23 22 17.7 +13 11 34 154.4  20.1  -10.61   3.15   Map/Offsets
2022 08 30 0100   23 21 56.5 +13 13 09 154.5  20.1  -10.61   3.15   Map/Offsets
2022 08 30 0130   23 21 35.2 +13 14 43 154.5  20.1  -10.61   3.14   Map/Offsets
2022 08 30 0200   23 21 14.0 +13 16 17 154.5  20.1  -10.61   3.14   Map/Offsets
2022 08 30 0230   23 20 52.8 +13 17 51 154.6  20.0  -10.61   3.13   Map/Offsets
2022 08 30 0300   23 20 31.6 +13 19 25 154.6  20.0  -10.61   3.13   Map/Offsets
2022 08 30 0330   23 20 10.4 +13 20 59 154.6  20.0  -10.61   3.12   Map/Offsets
2022 08 30 0400   23 19 49.1 +13 22 32 154.7  20.0  -10.62   3.12   Map/Offsets
2022 08 30 0430   23 19 27.9 +13 24 06 154.7  20.0  -10.62   3.11   Map/Offsets
2022 08 30 0500   23 19 06.7 +13 25 39 154.7  20.0  -10.62   3.11   Map/Offsets
 
Iv1f1Ju

Get the observations or orbits.

Date       UT   *  R.A. (J2000) Decl.  Elong.  V        Motion      Uncertainty
            h m                                      "/min  "/min
2022 08 29 0500   20 10 50.9 -33 00 36 140.4  23.4   -0.36  -1.46   Map/Offsets
2022 08 29 0530   20 10 50.2 -33 01 20 140.3  23.4   -0.36  -1.46   Map/Offsets
2022 08 29 0600   20 10 49.5 -33 02 04 140.3  23.4   -0.36  -1.45   Map/Offsets
2022 08 29 0630   20 10 48.7 -33 02 47 140.3  23.4   -0.36  -1.44   Map/Offsets
2022 08 29 0700   20 10 48.0 -33 03 30 140.3  23.4   -0.35  -1.43   Map/Offsets
2022 08 29 0730   20 10 47.3 -33 04 13 140.2  23.4   -0.35  -1.42   Map/Offsets
2022 08 29 0800   20 10 46.6 -33 04 55 140.2  23.4   -0.35  -1.41   Map/Offsets
2022 08 29 0830   20 10 46.0 -33 05 38 140.2  23.4   -0.34  -1.41   Map/Offsets
2022 08 29 0900   20 10 45.3 -33 06 20 140.2  23.4   -0.34  -1.40   Map/Offsets
2022 08 29 0930   20 10 44.6 -33 07 01 140.1  23.4   -0.34  -1.39   Map/Offsets
2022 08 29 1000   20 10 43.9 -33 07 43 140.1  23.4   -0.34  -1.38   Map/Offsets
2022 08 29 1030   20 10 43.2 -33 08 24 140.1  23.4   -0.33  -1.37   Map/Offsets
2022 08 29 1100   20 10 42.6 -33 09 05 140.0  23.4   -0.33  -1.37   Map/Offsets
2022 08 29 1130   20 10 41.9 -33 09 46 140.0  23.4   -0.33  -1.36   Map/Offsets
2022 08 29 1200   20 10 41.3 -33 10 27 140.0  23.5   -0.32  -1.35   Map/Offsets
2022 08 29 1230   20 10 40.6 -33 11 07 140.0  23.5   -0.32  -1.34   Map/Offsets
2022 08 29 1300   20 10 40.0 -33 11 47 139.9  23.5   -0.32  -1.33   Map/Offsets
2022 08 29 1330   20 10 39.4 -33 12 27 139.9  23.5   -0.32  -1.33   Map/Offsets
2022 08 29 1400   20 10 38.7 -33 13 07 139.9  23.5   -0.31  -1.32   Map/Offsets
2022 08 29 1430   20 10 38.1 -33 13 46 139.9  23.5   -0.31  -1.31   Map/Offsets
2022 08 29 1500   20 10 37.5 -33 14 26 139.8  23.5   -0.31  -1.30   Map/Offsets
2022 08 29 1530   20 10 36.9 -33 15 05 139.8  23.5   -0.31  -1.30   Map/Offsets
2022 08 29 1600   20 10 36.3 -33 15 43 139.8  23.5   -0.30  -1.29   Map/Offsets
2022 08 29 1630   20 10 35.7 -33 16 22 139.8  23.5   -0.30  -1.28   Map/Offsets
2022 08 29 1700   20 10 35.1 -33 17 00 139.7  23.5   -0.30  -1.28   Map/Offsets
2022 08 29 1730   20 10 34.5 -33 17 39 139.7  23.5   -0.30  -1.27   Map/Offsets
2022 08 29 1800   20 10 33.9 -33 18 17 139.7  23.5   -0.29  -1.26   Map/Offsets
2022 08 29 1830   20 10 33.3 -33 18 54 139.7  23.5   -0.29  -1.25   Map/Offsets
2022 08 29 1900   20 10 32.7 -33 19 32 139.6  23.5   -0.29  -1.25   Map/Offsets
2022 08 29 1930   20 10 32.1 -33 20 09 139.6  23.6   -0.29  -1.24   Map/Offsets
2022 08 29 2000   20 10 31.6 -33 20 46 139.6  23.6   -0.28  -1.23   Map/Offsets
2022 08 29 2030   20 10 31.0 -33 21 23 139.6  23.6   -0.28  -1.23   Map/Offsets
2022 08 29 2100   20 10 30.4 -33 22 00 139.5  23.6   -0.28  -1.22   Map/Offsets
2022 08 29 2130   20 10 29.9 -33 22 36 139.5  23.6   -0.28  -1.21   Map/Offsets
2022 08 29 2200   20 10 29.3 -33 23 13 139.5  23.6   -0.27  -1.21   Map/Offsets
2022 08 29 2230   20 10 28.8 -33 23 49 139.5  23.6   -0.27  -1.20   Map/Offsets
2022 08 29 2300   20 10 28.3 -33 24 25 139.4  23.6   -0.27  -1.19   Map/Offsets
2022 08 29 2330   20 10 27.7 -33 25 00 139.4  23.6   -0.27  -1.19   Map/Offsets
2022 08 30 0000   20 10 27.2 -33 25 36 139.4  23.6   -0.26  -1.18   Map/Offsets
2022 08 30 0030   20 10 26.7 -33 26 11 139.4  23.6   -0.26  -1.17   Map/Offsets
2022 08 30 0100   20 10 26.2 -33 26 46 139.3  23.6   -0.26  -1.17   Map/Offsets
2022 08 30 0130   20 10 25.6 -33 27 21 139.3  23.6   -0.26  -1.16   Map/Offsets
2022 08 30 0200   20 10 25.1 -33 27 56 139.3  23.6   -0.25  -1.15   Map/Offsets
2022 08 30 0230   20 10 24.6 -33 28 30 139.3  23.6   -0.25  -1.15   Map/Offsets
2022 08 30 0300   20 10 24.1 -33 29 05 139.2  23.6   -0.25  -1.14   Map/Offsets
2022 08 30 0330   20 10 23.6 -33 29 39 139.2  23.7   -0.25  -1.14   Map/Offsets
2022 08 30 0400   20 10 23.1 -33 30 13 139.2  23.7   -0.25  -1.13   Map/Offsets
2022 08 30 0430   20 10 22.6 -33 30 47 139.2  23.7   -0.24  -1.12   Map/Offsets
2022 08 30 0500   20 10 22.1 -33 31 20 139.1  23.7   -0.24  -1.12   Map/Offsets
 
