Iv1f1Ju

Get the observations or orbits.

Date       UT   *  R.A. (J2000) Decl.  Elong.  V        Motion      Uncertainty
            h m                                      "/min  "/min
2022 08 29 0500   20 10 50.9 -33 00 36 140.4  23.4   -0.36  -1.46   Map/Offsets
2022 08 29 0530   20 10 50.2 -33 01 20 140.3  23.4   -0.36  -1.46   Map/Offsets
2022 08 29 0600   20 10 49.5 -33 02 04 140.3  23.4   -0.36  -1.45   Map/Offsets
2022 08 29 0630   20 10 48.7 -33 02 47 140.3  23.4   -0.36  -1.44   Map/Offsets
2022 08 29 0700   20 10 48.0 -33 03 30 140.3  23.4   -0.35  -1.43   Map/Offsets
2022 08 29 0730   20 10 47.3 -33 04 13 140.2  23.4   -0.35  -1.42   Map/Offsets
2022 08 29 0800   20 10 46.6 -33 04 55 140.2  23.4   -0.35  -1.41   Map/Offsets
2022 08 29 0830   20 10 46.0 -33 05 38 140.2  23.4   -0.34  -1.41   Map/Offsets
2022 08 29 0900   20 10 45.3 -33 06 20 140.2  23.4   -0.34  -1.40   Map/Offsets
2022 08 29 0930   20 10 44.6 -33 07 01 140.1  23.4   -0.34  -1.39   Map/Offsets
2022 08 29 1000   20 10 43.9 -33 07 43 140.1  23.4   -0.34  -1.38   Map/Offsets
2022 08 29 1030   20 10 43.2 -33 08 24 140.1  23.4   -0.33  -1.37   Map/Offsets
2022 08 29 1100   20 10 42.6 -33 09 05 140.0  23.4   -0.33  -1.37   Map/Offsets
2022 08 29 1130   20 10 41.9 -33 09 46 140.0  23.4   -0.33  -1.36   Map/Offsets
2022 08 29 1200   20 10 41.3 -33 10 27 140.0  23.5   -0.32  -1.35   Map/Offsets
2022 08 29 1230   20 10 40.6 -33 11 07 140.0  23.5   -0.32  -1.34   Map/Offsets
2022 08 29 1300   20 10 40.0 -33 11 47 139.9  23.5   -0.32  -1.33   Map/Offsets
2022 08 29 1330   20 10 39.4 -33 12 27 139.9  23.5   -0.32  -1.33   Map/Offsets
2022 08 29 1400   20 10 38.7 -33 13 07 139.9  23.5   -0.31  -1.32   Map/Offsets
2022 08 29 1430   20 10 38.1 -33 13 46 139.9  23.5   -0.31  -1.31   Map/Offsets
2022 08 29 1500   20 10 37.5 -33 14 26 139.8  23.5   -0.31  -1.30   Map/Offsets
2022 08 29 1530   20 10 36.9 -33 15 05 139.8  23.5   -0.31  -1.30   Map/Offsets
2022 08 29 1600   20 10 36.3 -33 15 43 139.8  23.5   -0.30  -1.29   Map/Offsets
2022 08 29 1630   20 10 35.7 -33 16 22 139.8  23.5   -0.30  -1.28   Map/Offsets
2022 08 29 1700   20 10 35.1 -33 17 00 139.7  23.5   -0.30  -1.28   Map/Offsets
2022 08 29 1730   20 10 34.5 -33 17 39 139.7  23.5   -0.30  -1.27   Map/Offsets
2022 08 29 1800   20 10 33.9 -33 18 17 139.7  23.5   -0.29  -1.26   Map/Offsets
2022 08 29 1830   20 10 33.3 -33 18 54 139.7  23.5   -0.29  -1.25   Map/Offsets
2022 08 29 1900   20 10 32.7 -33 19 32 139.6  23.5   -0.29  -1.25   Map/Offsets
2022 08 29 1930   20 10 32.1 -33 20 09 139.6  23.6   -0.29  -1.24   Map/Offsets
2022 08 29 2000   20 10 31.6 -33 20 46 139.6  23.6   -0.28  -1.23   Map/Offsets
2022 08 29 2030   20 10 31.0 -33 21 23 139.6  23.6   -0.28  -1.23   Map/Offsets
2022 08 29 2100   20 10 30.4 -33 22 00 139.5  23.6   -0.28  -1.22   Map/Offsets
2022 08 29 2130   20 10 29.9 -33 22 36 139.5  23.6   -0.28  -1.21   Map/Offsets
2022 08 29 2200   20 10 29.3 -33 23 13 139.5  23.6   -0.27  -1.21   Map/Offsets
2022 08 29 2230   20 10 28.8 -33 23 49 139.5  23.6   -0.27  -1.20   Map/Offsets
2022 08 29 2300   20 10 28.3 -33 24 25 139.4  23.6   -0.27  -1.19   Map/Offsets
2022 08 29 2330   20 10 27.7 -33 25 00 139.4  23.6   -0.27  -1.19   Map/Offsets
2022 08 30 0000   20 10 27.2 -33 25 36 139.4  23.6   -0.26  -1.18   Map/Offsets
2022 08 30 0030   20 10 26.7 -33 26 11 139.4  23.6   -0.26  -1.17   Map/Offsets
2022 08 30 0100   20 10 26.2 -33 26 46 139.3  23.6   -0.26  -1.17   Map/Offsets
2022 08 30 0130   20 10 25.6 -33 27 21 139.3  23.6   -0.26  -1.16   Map/Offsets
2022 08 30 0200   20 10 25.1 -33 27 56 139.3  23.6   -0.25  -1.15   Map/Offsets
2022 08 30 0230   20 10 24.6 -33 28 30 139.3  23.6   -0.25  -1.15   Map/Offsets
2022 08 30 0300   20 10 24.1 -33 29 05 139.2  23.6   -0.25  -1.14   Map/Offsets
2022 08 30 0330   20 10 23.6 -33 29 39 139.2  23.7   -0.25  -1.14   Map/Offsets
2022 08 30 0400   20 10 23.1 -33 30 13 139.2  23.7   -0.25  -1.13   Map/Offsets
2022 08 30 0430   20 10 22.6 -33 30 47 139.2  23.7   -0.24  -1.12   Map/Offsets
2022 08 30 0500   20 10 22.1 -33 31 20 139.1  23.7   -0.24  -1.12   Map/Offsets
