S520881

Get the observations or orbits.

Date       UT      R.A. (J2000) Decl.  Elong.  V        Motion      Uncertainty
            h m                                      "/min  "/min
2022 08 29 0500   21 25 11.6 -34 56 09 150.6  20.3    0.071  2.33   Map/Offsets
2022 08 29 0530   21 25 11.7 -34 54 59 150.6  20.3    0.072  2.32   Map/Offsets
2022 08 29 0600   21 25 11.9 -34 53 49 150.6  20.3    0.072  2.32   Map/Offsets
2022 08 29 0630   21 25 12.0 -34 52 40 150.6  20.3    0.072  2.32   Map/Offsets
2022 08 29 0700   21 25 12.1 -34 51 30 150.6  20.3    0.073  2.32   Map/Offsets
2022 08 29 0730   21 25 12.3 -34 50 20 150.6  20.3    0.073  2.32   Map/Offsets
2022 08 29 0800   21 25 12.4 -34 49 11 150.6  20.3    0.073  2.32   Map/Offsets
2022 08 29 0830   21 25 12.6 -34 48 01 150.6  20.3    0.073  2.32   Map/Offsets
2022 08 29 0900   21 25 12.7 -34 46 52 150.6  20.3    0.074  2.31   Map/Offsets
2022 08 29 0930   21 25 12.9 -34 45 42 150.6  20.3    0.074  2.31   Map/Offsets
2022 08 29 1000   21 25 13.0 -34 44 33 150.6  20.3    0.074  2.31   Map/Offsets
2022 08 29 1030   21 25 13.2 -34 43 24 150.6  20.3    0.075  2.31   Map/Offsets
2022 08 29 1100   21 25 13.3 -34 42 14 150.6  20.3    0.075  2.31   Map/Offsets
2022 08 29 1130   21 25 13.5 -34 41 05 150.6  20.3    0.075  2.31   Map/Offsets
2022 08 29 1200   21 25 13.6 -34 39 56 150.6  20.3    0.076  2.31   Map/Offsets
2022 08 29 1230   21 25 13.8 -34 38 47 150.6  20.3    0.076  2.31   Map/Offsets
2022 08 29 1300   21 25 13.9 -34 37 38 150.6  20.3    0.076  2.30   Map/Offsets
2022 08 29 1330   21 25 14.1 -34 36 29 150.6  20.3    0.077  2.30   Map/Offsets
2022 08 29 1400   21 25 14.2 -34 35 19 150.6  20.3    0.077  2.30   Map/Offsets
2022 08 29 1430   21 25 14.4 -34 34 10 150.6  20.3    0.077  2.30   Map/Offsets
2022 08 29 1500   21 25 14.5 -34 33 01 150.6  20.3    0.077  2.30   Map/Offsets
2022 08 29 1530   21 25 14.7 -34 31 53 150.6  20.3    0.078  2.30   Map/Offsets
2022 08 29 1600   21 25 14.9 -34 30 44 150.6  20.3    0.078  2.30   Map/Offsets
2022 08 29 1630   21 25 15.0 -34 29 35 150.6  20.3    0.078  2.29   Map/Offsets
2022 08 29 1700   21 25 15.2 -34 28 26 150.6  20.3    0.079  2.29   Map/Offsets
2022 08 29 1730   21 25 15.3 -34 27 17 150.6  20.3    0.079  2.29   Map/Offsets
2022 08 29 1800   21 25 15.5 -34 26 08 150.6  20.3    0.079  2.29   Map/Offsets
2022 08 29 1830   21 25 15.6 -34 25 00 150.6  20.3    0.080  2.29   Map/Offsets
2022 08 29 1900   21 25 15.8 -34 23 51 150.6  20.3    0.080  2.29   Map/Offsets
2022 08 29 1930   21 25 16.0 -34 22 42 150.6  20.3    0.080  2.29   Map/Offsets
2022 08 29 2000   21 25 16.1 -34 21 34 150.6  20.3    0.081  2.29   Map/Offsets
2022 08 29 2030   21 25 16.3 -34 20 25 150.6  20.3    0.081  2.28   Map/Offsets
2022 08 29 2100   21 25 16.4 -34 19 17 150.6  20.3    0.081  2.28   Map/Offsets
2022 08 29 2130   21 25 16.6 -34 18 08 150.6  20.3    0.082  2.28   Map/Offsets
2022 08 29 2200   21 25 16.8 -34 17 00 150.6  20.3    0.082  2.28   Map/Offsets
2022 08 29 2230   21 25 16.9 -34 15 52 150.6  20.3    0.082  2.28   Map/Offsets
2022 08 29 2300   21 25 17.1 -34 14 43 150.6  20.3    0.082  2.28   Map/Offsets
2022 08 29 2330   21 25 17.3 -34 13 35 150.6  20.3    0.083  2.28   Map/Offsets
2022 08 30 0000   21 25 17.4 -34 12 27 150.6  20.3    0.083  2.27   Map/Offsets
2022 08 30 0030   21 25 17.6 -34 11 19 150.6  20.3    0.083  2.27   Map/Offsets
2022 08 30 0100   21 25 17.8 -34 10 10 150.6  20.3    0.084  2.27   Map/Offsets
2022 08 30 0130   21 25 17.9 -34 09 02 150.6  20.3    0.084  2.27   Map/Offsets
2022 08 30 0200   21 25 18.1 -34 07 54 150.6  20.3    0.084  2.27   Map/Offsets
2022 08 30 0230   21 25 18.3 -34 06 46 150.6  20.3    0.085  2.27   Map/Offsets
2022 08 30 0300   21 25 18.4 -34 05 38 150.6  20.3    0.085  2.27   Map/Offsets
2022 08 30 0330   21 25 18.6 -34 04 30 150.6  20.3    0.085  2.27   Map/Offsets
2022 08 30 0400   21 25 18.8 -34 03 22 150.6  20.3    0.086  2.26   Map/Offsets
2022 08 30 0430   21 25 19.0 -34 02 14 150.6  20.3    0.086  2.26   Map/Offsets
2022 08 30 0500   21 25 19.1 -34 01 06 150.6  20.3    0.086  2.26   Map/Offsets
