Sar2619

Get the observations or orbits.

Date       UT   *  R.A. (J2000) Decl.  Elong.  V        Motion      Uncertainty
            h m                                      "/min  "/min
2022 08 29 0500   23 36 01.4 +12 08 27 152.8  20.1  -10.50   3.32   Map/Offsets
2022 08 29 0530   23 35 40.4 +12 10 07 152.8  20.1  -10.50   3.31   Map/Offsets
2022 08 29 0600   23 35 19.4 +12 11 46 152.9  20.1  -10.51   3.31   Map/Offsets
2022 08 29 0630   23 34 58.4 +12 13 25 152.9  20.1  -10.51   3.31   Map/Offsets
2022 08 29 0700   23 34 37.3 +12 15 04 153.0  20.1  -10.52   3.30   Map/Offsets
2022 08 29 0730   23 34 16.3 +12 16 43 153.0  20.1  -10.52   3.30   Map/Offsets
2022 08 29 0800   23 33 55.3 +12 18 22 153.1  20.1  -10.52   3.29   Map/Offsets
2022 08 29 0830   23 33 34.2 +12 20 01 153.1  20.1  -10.53   3.29   Map/Offsets
2022 08 29 0900   23 33 13.2 +12 21 40 153.2  20.1  -10.53   3.29   Map/Offsets
2022 08 29 0930   23 32 52.1 +12 23 18 153.2  20.1  -10.53   3.28   Map/Offsets
2022 08 29 1000   23 32 31.0 +12 24 57 153.2  20.1  -10.54   3.28   Map/Offsets
2022 08 29 1030   23 32 10.0 +12 26 35 153.3  20.1  -10.54   3.27   Map/Offsets
2022 08 29 1100   23 31 48.9 +12 28 13 153.3  20.1  -10.54   3.27   Map/Offsets
2022 08 29 1130   23 31 27.8 +12 29 51 153.4  20.1  -10.55   3.27   Map/Offsets
2022 08 29 1200   23 31 06.7 +12 31 29 153.4  20.1  -10.55   3.26   Map/Offsets
2022 08 29 1230   23 30 45.6 +12 33 07 153.5  20.1  -10.55   3.26   Map/Offsets
2022 08 29 1300   23 30 24.5 +12 34 44 153.5  20.1  -10.55   3.25   Map/Offsets
2022 08 29 1330   23 30 03.4 +12 36 22 153.6  20.1  -10.56   3.25   Map/Offsets
2022 08 29 1400   23 29 42.3 +12 37 59 153.6  20.1  -10.56   3.24   Map/Offsets
2022 08 29 1430   23 29 21.1 +12 39 37 153.6  20.1  -10.56   3.24   Map/Offsets
2022 08 29 1500   23 29 00.0 +12 41 14 153.7  20.1  -10.57   3.24   Map/Offsets
2022 08 29 1530   23 28 38.9 +12 42 51 153.7  20.1  -10.57   3.23   Map/Offsets
2022 08 29 1600   23 28 17.7 +12 44 28 153.8  20.1  -10.57   3.23   Map/Offsets
2022 08 29 1630   23 27 56.6 +12 46 04 153.8  20.1  -10.57   3.22   Map/Offsets
2022 08 29 1700   23 27 35.4 +12 47 41 153.9  20.1  -10.58   3.22   Map/Offsets
2022 08 29 1730   23 27 14.3 +12 49 18 153.9  20.1  -10.58   3.21   Map/Offsets
2022 08 29 1800   23 26 53.1 +12 50 54 153.9  20.1  -10.58   3.21   Map/Offsets
2022 08 29 1830   23 26 32.0 +12 52 30 154.0  20.1  -10.58   3.21   Map/Offsets
2022 08 29 1900   23 26 10.8 +12 54 06 154.0  20.1  -10.59   3.20   Map/Offsets
2022 08 29 1930   23 25 49.6 +12 55 42 154.1  20.1  -10.59   3.20   Map/Offsets
2022 08 29 2000   23 25 28.4 +12 57 18 154.1  20.1  -10.59   3.19   Map/Offsets
2022 08 29 2030   23 25 07.3 +12 58 54 154.1  20.1  -10.59   3.19   Map/Offsets
2022 08 29 2100   23 24 46.1 +13 00 29 154.2  20.1  -10.59   3.18   Map/Offsets
2022 08 29 2130   23 24 24.9 +13 02 05 154.2  20.1  -10.60   3.18   Map/Offsets
2022 08 29 2200   23 24 03.7 +13 03 40 154.2  20.1  -10.60   3.17   Map/Offsets
2022 08 29 2230   23 23 42.5 +13 05 15 154.3  20.1  -10.60   3.17   Map/Offsets
2022 08 29 2300   23 23 21.3 +13 06 50 154.3  20.1  -10.60   3.16   Map/Offsets
2022 08 29 2330   23 23 00.1 +13 08 25 154.4  20.1  -10.60   3.16   Map/Offsets
2022 08 30 0000   23 22 38.9 +13 10 00 154.4  20.1  -10.60   3.15   Map/Offsets
2022 08 30 0030   23 22 17.7 +13 11 34 154.4  20.1  -10.61   3.15   Map/Offsets
2022 08 30 0100   23 21 56.5 +13 13 09 154.5  20.1  -10.61   3.15   Map/Offsets
2022 08 30 0130   23 21 35.2 +13 14 43 154.5  20.1  -10.61   3.14   Map/Offsets
2022 08 30 0200   23 21 14.0 +13 16 17 154.5  20.1  -10.61   3.14   Map/Offsets
2022 08 30 0230   23 20 52.8 +13 17 51 154.6  20.0  -10.61   3.13   Map/Offsets
2022 08 30 0300   23 20 31.6 +13 19 25 154.6  20.0  -10.61   3.13   Map/Offsets
2022 08 30 0330   23 20 10.4 +13 20 59 154.6  20.0  -10.61   3.12   Map/Offsets
2022 08 30 0400   23 19 49.1 +13 22 32 154.7  20.0  -10.62   3.12   Map/Offsets
2022 08 30 0430   23 19 27.9 +13 24 06 154.7  20.0  -10.62   3.11   Map/Offsets
2022 08 30 0500   23 19 06.7 +13 25 39 154.7  20.0  -10.62   3.11   Map/Offsets
